143579
35984
522242
782877
540142
943500
23044
140924
517108
379245
619538
523733
237806
922442
462437
209429
110162
962989
721787
736250
454304
281854
931766
62522
933504
777716
380908
331013
851571
977134
976996
918387
707343
100967
741483
910711
86953
118758
814684
351991
421091
986913
506522
521900
594739
639736
550357
131289
65368
147654
94817
940438
787739
730345
593132
657736
116699
767876
175498
748184
811082
692957
830570
190767
793756
868527
629191
614330
874884
212575
823017
174116
859059
639326
755337
850031
695472
808224
214666
442829
573470
847904
402329
539348
13314
343777
888802
534997
459392
373093
945714
386046
447606
602963
156911
225198
229793
710081
46341
425514
652333
544910
972625
323522
919330
347152
936197
648778
517120
332178
909609
967404
22368
923981
537594
404976
905518
204365
417785
427090
948859
201116
936967
503258
979173
876360
398469
661914
970254
689773
350604
368163
107719
936324
367594
651655
598888
642571
270021
108411
122514
292262
916533
662771
802837
953495
990659
642433
512019
156572
174331
914124
573392
68265
494522
162641
848694
917326
410192
259376
587104
394490
423901
438327
439392
197523
202799
396302
374608
311362
380790
133535
199347
228244
313647
589552
47471
651195
250578
532161
207499
859498
972963
15997
852149
178259
535579
262073
840598
293569
929025
559014
268773
626877
22367
218813
415540
984300
505818
662276
596092
656895
879966
637117
620533
337489
636179
932856
502142
823918
391978
25610
235032
199778
803689
20010
285631
345213
563233
622417
243113
726981
695782
232204
565574
332526
241584
386755
232603
557248
208934
313532
905969
523132
783992
518986
20953
247238
569286
345959
721435
284840
95273
695269
33719
313486
572510
415230
160740
507743
520690
556887
473707
783044
71247
370970
498382
369682
336677
763067
238538
653964
230239
887146
586335
438470
764592
364710
344280
202625
388552
416849
819537
417760
66120
756657
751541
434835
903223
328492
409089
681122
424743
454686
747785
835551
863743
845379
855883
632341
321421
359513
960746
389273
815718
964490
377442
289552
732813
460424
813930
77076
819191
207825
186973
314856
180928
27471
932548
918820
599413
666553
720052
907271
910743
795130
504665
791435
985412
987561
132775
64549
756351
418685
161589
132907
20380
913160
903247
973681
438972
519134
164374
675420
646607
322878
612247
492641
377502
330754
757777
614130
629297
179502
915469
37296
8412
804216
660999
26115
45515
337490
643306
996599
681263
158858
575267
351535
492918
301546
893441
738280
838076
842297
479570
554515
135528
430718
318928
477333
126584
158066
883149
629583
668409
190085
697239
164359
775527
857768
270040
943241
501985
735687
88105
85257
942124
388013
439288
57629
625344
432191
625655
500003
385489
135666
856895
717854
174041
153787
292953
605452
716721
475225
186021
688874
698948
708793
881282
214201
818393
523354
918901
475129
274448
359286
513427
859630
647993
558538
169311
965002
742818
134430
744379
742421
711769
355384
806532
531574
380999
869139
84593
161437
574307
240134
387809
543124
156580
343904
409206
630258
551724
381560
815756
214812
224341
196907
544576
546515
92808
82225
791149
307932
312327
390019
947291
485069
179189
459539
116928
782572
896151
197410
319122
395281
903666
847145
627197
169203
417125
511789
768856
842950
411012
24103
80141
953934
892536
700332
819996
295698
309469
933576
238442
191936
57727
249108
426045
887550
76607
930087
659872
641466
513527
540312
822261
385810
246792
586982
282463
337924
367675
869774
408046
642453
831080
737995
332148
989609
818764
731618
453956
621741
104429
334272
636075
455297
167468
348253
689362
288363
833406
636993
761279
510536
195472
813929
628212
833744
864428
541769
938765
46971
433658
346134
400775
650584
504818
321823
951856
225107
349214
966674
429007
518321
13747
430754
36163
712163
608284
163797
788427
541825
474989
569203
476623
753637
405135
474985
551174
15083
997197
590210
152987
874215
861991
313824
619242
357402
553492
944160
772862
324755
431289
959763
468598
518846
639546
12788
195036
225137
602419
691781
149855
297347
814126
416282
407380
295700
276384
226325
245670
884566
521881
318121
759852
520828
209716
544580
335074
330632
795414
723010
745789
364611
34801
551542
876314
969550
904365
66680
523394
705432
155092
768965
785845
273450
497783
548767
441797
978586
782889
533556
665796
684618
729975
84541
998277
805017
431988
135734
801052
986299
651200
263337
75071
596566
61295
149629
552834
564407
519274
158873
226488
670078
561905
360783
955570
514373
921662
552352
829399
569006
361960
100743
518795
27420
777777
181966
396572
551643
756962
632320
514896
379719
923593
408989
459535
816425
686673
476049
28154
916748
217996
190925
959241
3135
834352
339307
649834
73351
506054
241836
16379
90774
19537
274632
987271
934811
671284
65817
250952
19429
53611
910525
560916
854950
299338
242178
946588
349586
532081
265471
115565
915988
251712
236484
669077
32132
98777
294832
602858
511493
227087
234570
3354
226494
952306
326918
612850
14237
987278
441894
823163
861919
225773
824904
976276
271151
213271
444898
441636
437584
488242
182627
246465
485325
937493
382661
542649
738839
674720
766632
645599
469062
427200
114884
678940
708296
506320
61571
12163
57141
32333
572781
477046
812313
303716
338584
527842
584027
140209
527663
790118
698346
547580
952809
785150
585405
364851
339824
153765
959976
797485
308452
798973
159356
62705
269954
524864
766238
346085
847980
732757
68588
822133
257329
809582
916034
779984
512241
770919
137911
717352
916450
389283
502919
766664
695643
586395
462549
540037
499782
398221
884842
162140
66971
712658
153219
941305
783342
63385
819632
617347
153880
949429
456682
74678
494828
961929
590934
984949
12921
991191
401684
497073
256315
470095
288907
57474
362897
69633
97517
499962
813415
654775
598249
172136
724073
312687
715461
664497
491135
239861
537412
22411
976625
338028
79524
108970
873130
994160
303932
972118
94951
472658
424215
877260
28647
704770
549601
448067
574087
881675
828324
962250
569816
69360
928853
184195
928624
255481
443656
837638
636088
192698
40751
905345
186051
773257
789035
721217
136795
697896
832321
703934
736893
143762
359488
985237
554178
721039
314564
748280
237881
934066
942525
302495
980467
754997
854393
409850
570022
773898
217635
683839
843363
886637
805264
873246
554787
132588
651214
382171
701260
625776
711009
247700
665720
295444
942313
424280
482337
78221
344295
726103
113949
493748
573460
427107
587140
223696
858110
687231
628563
48911
188918
374945
184687
972014
373248
934745
992818
851864
360711
200977
148420
182219
663714
832741
332888
514417
451060
924163
682051
669204
697765
819866
148240
93966
533850
30889
956436
520292
623895
190574
229980
611655
201822
370019
644934
13130
552159
611389
879180
19580
150621
655086
686289
489236
601524
998915
411532
167604
635836
688936
418750
516979
901056
987084
283404
409814
935568
461355
265603
360118
943798
897402
265074